   5.0000000e+02  -1.3575073e+00   2.2443117e+00
   5.1000000e+02  -2.1666853e+00   2.0652603e+00
   5.2000000e+02  -2.9442908e+00   1.9167121e+00
   5.3000000e+02  -3.6966005e+00   1.7924669e+00
   5.4000000e+02  -4.4287102e+00   1.6878654e+00
   5.5000000e+02  -5.1447879e+00   1.5993509e+00
   5.6000000e+02  -5.8482684e+00   1.5241699e+00
   5.7000000e+02  -6.5420022e+00   1.4601637e+00
   5.8000000e+02  -7.2283720e+00   1.4056201e+00
   5.9000000e+02  -7.9093824e+00   1.3591667e+00
   6.0000000e+02  -8.5867306e+00   1.3196931e+00
   6.1000000e+02  -9.2618622e+00   1.2862927e+00
   6.2000000e+02  -9.9360148e+00   1.2582195e+00
   6.3000000e+02  -1.0610254e+01   1.2348552e+00
   6.4000000e+02  -1.1285503e+01   1.2156838e+00
   6.5000000e+02  -1.1962562e+01   1.2002719e+00
   6.6000000e+02  -1.2642131e+01   1.1882535e+00
   6.7000000e+02  -1.3324824e+01   1.1793179e+00
   6.8000000e+02  -1.4011180e+01   1.1732001e+00
   6.9000000e+02  -1.4701677e+01   1.1696729e+00
   7.0000000e+02  -1.5396736e+01   1.1685411e+00
   7.1000000e+02  -1.6096733e+01   1.1696359e+00
   7.2000000e+02  -1.6802005e+01   1.1728111e+00
   7.3000000e+02  -1.7512850e+01   1.1779396e+00
   7.4000000e+02  -1.8229538e+01   1.1849109e+00
   7.5000000e+02  -1.8952311e+01   1.1936281e+00
   7.6000000e+02  -1.9681386e+01   1.2040066e+00
   7.7000000e+02  -2.0416962e+01   1.2159721e+00
   7.8000000e+02  -2.1159217e+01   1.2294595e+00
   7.9000000e+02  -2.1908314e+01   1.2444112e+00
   8.0000000e+02  -2.2664399e+01   1.2607768e+00
   8.1000000e+02  -2.3427608e+01   1.2785117e+00
   8.2000000e+02  -2.4198063e+01   1.2975768e+00
   8.3000000e+02  -2.4975878e+01   1.3179373e+00
   8.4000000e+02  -2.5761154e+01   1.3395629e+00
   8.5000000e+02  -2.6553987e+01   1.3624268e+00
   8.6000000e+02  -2.7354464e+01   1.3865052e+00
   8.7000000e+02  -2.8162665e+01   1.4117776e+00
   8.8000000e+02  -2.8978664e+01   1.4382258e+00
   8.9000000e+02  -2.9802529e+01   1.4658341e+00
   9.0000000e+02  -3.0634323e+01   1.4945886e+00
   9.1000000e+02  -3.1474104e+01   1.5244775e+00
   9.2000000e+02  -3.2321927e+01   1.5554906e+00
   9.3000000e+02  -3.3177842e+01   1.5876192e+00
   9.4000000e+02  -3.4041896e+01   1.6208561e+00
   9.5000000e+02  -3.4914131e+01   1.6551950e+00
   9.6000000e+02  -3.5794589e+01   1.6906312e+00
   9.7000000e+02  -3.6683307e+01   1.7271606e+00
   9.8000000e+02  -3.7580320e+01   1.7647802e+00
   9.9000000e+02  -3.8485661e+01   1.8034880e+00
   1.0000000e+03  -3.9399360e+01   1.8432825e+00
   1.0100000e+03  -4.0321446e+01   1.8841631e+00
   1.0200000e+03  -4.1251946e+01   1.9261299e+00
   1.0300000e+03  -4.2190885e+01   1.9691832e+00
   1.0400000e+03  -4.3138287e+01   2.0133244e+00
   1.0500000e+03  -4.4094172e+01   2.0585551e+00
   1.0600000e+03  -4.5058563e+01   2.1048774e+00
   1.0700000e+03  -4.6031478e+01   2.1522937e+00
   1.0800000e+03  -4.7012935e+01   2.2008071e+00
   1.0900000e+03  -4.8002952e+01   2.2504208e+00
   1.1000000e+03  -4.9001545e+01   2.3011386e+00
   1.1100000e+03  -5.0008729e+01   2.3529642e+00
   1.1200000e+03  -5.1024517e+01   2.4059020e+00
   1.1300000e+03  -5.2048924e+01   2.4599565e+00
   1.1400000e+03  -5.3081962e+01   2.5151324e+00
   1.1500000e+03  -5.4123642e+01   2.5714348e+00
   1.1600000e+03  -5.5173976e+01   2.6288688e+00
   1.1700000e+03  -5.6232975e+01   2.6874399e+00
   1.1800000e+03  -5.7300648e+01   2.7471537e+00
   1.1900000e+03  -5.8377004e+01   2.8080158e+00
   1.2000000e+03  -5.9462053e+01   2.8700324e+00
   1.2100000e+03  -6.0555802e+01   2.9332095e+00
   1.2200000e+03  -6.1658260e+01   2.9975532e+00
   1.2300000e+03  -6.2769433e+01   3.0630701e+00
   1.2400000e+03  -6.3889329e+01   3.1297665e+00
   1.2500000e+03  -6.5017954e+01   3.1976492e+00
   1.2600000e+03  -6.6155315e+01   3.2667248e+00
   1.2700000e+03  -6.7301416e+01   3.3370002e+00
   1.2800000e+03  -6.8456264e+01   3.4084822e+00
   1.2900000e+03  -6.9619864e+01   3.4811780e+00
   1.3000000e+03  -7.0792219e+01   3.5550947e+00
   1.3100000e+03  -7.1973336e+01   3.6302393e+00
   1.3200000e+03  -7.3163218e+01   3.7066193e+00
   1.3300000e+03  -7.4361868e+01   3.7842419e+00
   1.3400000e+03  -7.5569292e+01   3.8631145e+00
   1.3500000e+03  -7.6785491e+01   3.9432446e+00
   1.3600000e+03  -7.8010470e+01   4.0246398e+00
   1.3700000e+03  -7.9244232e+01   4.1073076e+00
   1.3800000e+03  -8.0486779e+01   4.1912557e+00
   1.3900000e+03  -8.1738114e+01   4.2764917e+00
   1.4000000e+03  -8.2998239e+01   4.3630234e+00
   1.4100000e+03  -8.4267157e+01   4.4508587e+00
   1.4200000e+03  -8.5544870e+01   4.5400052e+00
   1.4300000e+03  -8.6831380e+01   4.6304710e+00
   1.4400000e+03  -8.8126688e+01   4.7222638e+00
   1.4500000e+03  -8.9430796e+01   4.8153917e+00
   1.4600000e+03  -9.0743707e+01   4.9098627e+00
   1.4700000e+03  -9.2065420e+01   5.0056846e+00
   1.4800000e+03  -9.3395937e+01   5.1028657e+00
   1.4900000e+03  -9.4735260e+01   5.2014139e+00
   1.5000000e+03  -9.6083390e+01   5.3013374e+00
   1.5100000e+03  -9.7440327e+01   5.4026442e+00
   1.5200000e+03  -9.8806072e+01   5.5053426e+00
   1.5300000e+03  -1.0018063e+02   5.6094407e+00
   1.5400000e+03  -1.0156399e+02   5.7149467e+00
   1.5500000e+03  -1.0295616e+02   5.8218688e+00
   1.5600000e+03  -1.0435714e+02   5.9302154e+00
   1.5700000e+03  -1.0576694e+02   6.0399945e+00
   1.5800000e+03  -1.0718554e+02   6.1512145e+00
   1.5900000e+03  -1.0861296e+02   6.2638837e+00
   1.6000000e+03  -1.1004918e+02   6.3780105e+00
   1.6100000e+03  -1.1149422e+02   6.4936030e+00
   1.6200000e+03  -1.1294806e+02   6.6106698e+00
   1.6300000e+03  -1.1441072e+02   6.7292190e+00
   1.6400000e+03  -1.1588219e+02   6.8492592e+00
   1.6500000e+03  -1.1736247e+02   6.9707986e+00
   1.6600000e+03  -1.1885155e+02   7.0938457e+00
   1.6700000e+03  -1.2034945e+02   7.2184089e+00
   1.6800000e+03  -1.2185615e+02   7.3444965e+00
   1.6900000e+03  -1.2337166e+02   7.4721170e+00
   1.7000000e+03  -1.2489598e+02   7.6012789e+00
   1.7100000e+03  -1.2642911e+02   7.7319905e+00
   1.7200000e+03  -1.2797104e+02   7.8642604e+00
   1.7300000e+03  -1.2952177e+02   7.9980970e+00
   1.7400000e+03  -1.3108131e+02   8.1335087e+00
   1.7500000e+03  -1.3264966e+02   8.2705040e+00
   1.7600000e+03  -1.3422680e+02   8.4090914e+00
   1.7700000e+03  -1.3581275e+02   8.5492794e+00
   1.7800000e+03  -1.3740749e+02   8.6910764e+00
   1.7900000e+03  -1.3901104e+02   8.8344911e+00
   1.8000000e+03  -1.4062338e+02   8.9795318e+00
   1.8100000e+03  -1.4224452e+02   9.1262071e+00
   1.8200000e+03  -1.4387446e+02   9.2745254e+00
   1.8300000e+03  -1.4551319e+02   9.4244954e+00
   1.8400000e+03  -1.4716071e+02   9.5761255e+00
   1.8500000e+03  -1.4881703e+02   9.7294242e+00
   1.8600000e+03  -1.5048213e+02   9.8844001e+00
   1.8700000e+03  -1.5215603e+02   1.0041062e+01
   1.8800000e+03  -1.5383871e+02   1.0199418e+01
   1.8900000e+03  -1.5553018e+02   1.0359476e+01
   1.9000000e+03  -1.5723043e+02   1.0521246e+01
   1.9100000e+03  -1.5893946e+02   1.0684736e+01
   1.9200000e+03  -1.6065728e+02   1.0849954e+01
   1.9300000e+03  -1.6238388e+02   1.1016909e+01
   1.9400000e+03  -1.6411925e+02   1.1185609e+01
   1.9500000e+03  -1.6586340e+02   1.1356064e+01
   1.9600000e+03  -1.6761633e+02   1.1528281e+01
   1.9700000e+03  -1.6937802e+02   1.1702269e+01
   1.9800000e+03  -1.7114849e+02   1.1878037e+01
   1.9900000e+03  -1.7292773e+02   1.2055593e+01
   2.0000000e+03  -1.7471574e+02   1.2234946e+01
   2.0100000e+03  -1.7651251e+02   1.2416104e+01
   2.0200000e+03  -1.7831805e+02   1.2599075e+01
   2.0300000e+03  -1.8013235e+02   1.2783870e+01
   2.0400000e+03  -1.8195541e+02   1.2970495e+01
   2.0500000e+03  -1.8378722e+02   1.3158960e+01
   2.0600000e+03  -1.8562780e+02   1.3349272e+01
   2.0700000e+03  -1.8747713e+02   1.3541442e+01
   2.0800000e+03  -1.8933521e+02   1.3735476e+01
   2.0900000e+03  -1.9120204e+02   1.3931384e+01
   2.1000000e+03  -1.9307762e+02   1.4129174e+01
   2.1100000e+03  -1.9496194e+02   1.4328856e+01
   2.1200000e+03  -1.9685501e+02   1.4530436e+01
   2.1300000e+03  -1.9875682e+02   1.4733924e+01
   2.1400000e+03  -2.0066737e+02   1.4939329e+01
   2.1500000e+03  -2.0258666e+02   1.5146658e+01
   2.1600000e+03  -2.0451468e+02   1.5355921e+01
   2.1700000e+03  -2.0645144e+02   1.5567126e+01
   2.1800000e+03  -2.0839693e+02   1.5780282e+01
   2.1900000e+03  -2.1035115e+02   1.5995396e+01
   2.2000000e+03  -2.1231409e+02   1.6212478e+01
   2.2100000e+03  -2.1428576e+02   1.6431537e+01
   2.2200000e+03  -2.1626615e+02   1.6652580e+01
   2.2300000e+03  -2.1825526e+02   1.6875616e+01
   2.2400000e+03  -2.2025309e+02   1.7100653e+01
   2.2500000e+03  -2.2225963e+02   1.7327701e+01
   2.2600000e+03  -2.2427488e+02   1.7556768e+01
   2.2700000e+03  -2.2629885e+02   1.7787862e+01
   2.2800000e+03  -2.2833152e+02   1.8020992e+01
   2.2900000e+03  -2.3037290e+02   1.8256166e+01
   2.3000000e+03  -2.3242298e+02   1.8493392e+01
   2.3100000e+03  -2.3448176e+02   1.8732680e+01
   2.3200000e+03  -2.3654924e+02   1.8974038e+01
   2.3300000e+03  -2.3862541e+02   1.9217474e+01
   2.3400000e+03  -2.4071028e+02   1.9462997e+01
   2.3500000e+03  -2.4280384e+02   1.9710615e+01
   2.3600000e+03  -2.4490608e+02   1.9960336e+01
   2.3700000e+03  -2.4701701e+02   2.0212170e+01
   2.3800000e+03  -2.4913662e+02   2.0466125e+01
   2.3900000e+03  -2.5126492e+02   2.0722209e+01
   2.4000000e+03  -2.5340189e+02   2.0980430e+01
