300.000000 	 1.646857 	 0.972337 
310.000000 	 1.455630 	 0.572501 
320.000000 	 0.920059 	 0.331539 
330.000000 	 0.233798 	 0.585441 
340.000000 	 0.103893 	 1.052043 
350.000000 	 0.075999 	 1.326867 
360.000000 	 0.063180 	 1.533001 
370.000000 	 0.056279 	 1.708001 
380.000000 	 0.050752 	 1.858730 
390.000000 	 0.048660 	 1.995462 
400.000000 	 0.045729 	 2.122944 
410.000000 	 0.044520 	 2.241826 
420.000000 	 0.043287 	 2.357154 
430.000000 	 0.041993 	 2.465312 
440.000000 	 0.041101 	 2.573264 
450.000000 	 0.040932 	 2.675757 
460.000000 	 0.040957 	 2.776955 
470.000000 	 0.040727 	 2.873753 
480.000000 	 0.040781 	 2.972182 
490.000000 	 0.041250 	 3.066334 
500.000000 	 0.041373 	 3.159401 
510.000000 	 0.041603 	 3.251112 
520.000000 	 0.042373 	 3.342124 
530.000000 	 0.042204 	 3.433188 
540.000000 	 0.043403 	 3.522199 
550.000000 	 0.043817 	 3.610114 
560.000000 	 0.044507 	 3.697023 
570.000000 	 0.045973 	 3.783928 
580.000000 	 0.046820 	 3.870684 
590.000000 	 0.046840 	 3.957170 
600.000000 	 0.047410 	 4.041936 
610.000000 	 0.048986 	 4.126306 
620.000000 	 0.049618 	 4.208974 
630.000000 	 0.051102 	 4.293089 
640.000000 	 0.051647 	 4.376833 
650.000000 	 0.050913 	 4.460223 
660.000000 	 0.053389 	 4.543110 
670.000000 	 0.052475 	 4.623716 
680.000000 	 0.054219 	 4.705947 
690.000000 	 0.054429 	 4.788420 
700.000000 	 0.054860 	 4.869087 
710.000000 	 0.056539 	 4.950777 
720.000000 	 0.057401 	 5.034212 
730.000000 	 0.057733 	 5.113153 
740.000000 	 0.059629 	 5.195340 
750.000000 	 0.060114 	 5.274430 
760.000000 	 0.059047 	 5.356817 
770.000000 	 0.063824 	 5.436182 
780.000000 	 0.063465 	 5.512987 
790.000000 	 0.062217 	 5.598828 
800.000000 	 0.063951 	 5.678124 
810.000000 	 0.067473 	 5.753308 
820.000000 	 0.067636 	 5.836229 
830.000000 	 0.068190 	 5.911315 
840.000000 	 0.067475 	 5.995544 
850.000000 	 0.070136 	 6.076505 
860.000000 	 0.070503 	 6.155321 
870.000000 	 0.072455 	 6.235643 
880.000000 	 0.073944 	 6.313594 
890.000000 	 0.074928 	 6.389805 
900.000000 	 0.074794 	 6.469204 
910.000000 	 0.077647 	 6.547597 
920.000000 	 0.078780 	 6.627987 
930.000000 	 0.080106 	 6.706073 
940.000000 	 0.080040 	 6.784129 
950.000000 	 0.081099 	 6.865098 
960.000000 	 0.083964 	 6.942265 
970.000000 	 0.082328 	 7.024370 
980.000000 	 0.085323 	 7.100090 
990.000000 	 0.087779 	 7.177096 
1000.000000 	 0.088025 	 7.254154 
1010.000000 	 0.090502 	 7.335202 
1020.000000 	 0.091223 	 7.410960 
1030.000000 	 0.093164 	 7.488436 
1040.000000 	 0.090978 	 7.571610 
1050.000000 	 0.093069 	 7.647527 
1060.000000 	 0.087488 	 7.738195 
1070.000000 	 0.090086 	 7.812561 
1080.000000 	 0.091415 	 7.896414 
1090.000000 	 0.089522 	 7.969003 
1100.000000 	 0.087625 	 8.055910 
1110.000000 	 0.090461 	 8.131678 
1120.000000 	 0.094528 	 8.207066 
1130.000000 	 0.092750 	 8.287376 
1140.000000 	 0.095451 	 8.352970 
1150.000000 	 0.084360 	 8.445953 
1160.000000 	 0.095878 	 8.521220 
1170.000000 	 0.097053 	 8.593219 
1180.000000 	 0.094933 	 8.675599 
1190.000000 	 0.098324 	 8.749095 
1200.000000 	 0.094881 	 8.829440 
1210.000000 	 0.098216 	 8.901272 
1220.000000 	 0.098773 	 8.982748 
1230.000000 	 0.095286 	 9.065378 
1240.000000 	 0.103767 	 9.140666 
1250.000000 	 0.100172 	 9.224589 
1260.000000 	 0.105091 	 9.306720 
1270.000000 	 0.103514 	 9.373618 
1280.000000 	 0.106645 	 9.450046 
1290.000000 	 0.107643 	 9.532921 
1300.000000 	 0.112669 	 9.605555 
1310.000000 	 0.115275 	 9.681234 
1320.000000 	 0.110071 	 9.760539 
1330.000000 	 0.113726 	 9.839915 
1340.000000 	 0.110796 	 9.919994 
1350.000000 	 0.115127 	 9.983750 
1360.000000 	 0.121693 	 10.074960 
1370.000000 	 0.120001 	 10.143688 
1380.000000 	 0.127762 	 10.211578 
1390.000000 	 0.127391 	 10.305641 
1400.000000 	 0.129567 	 10.371441 
1410.000000 	 0.129533 	 10.454510 
1420.000000 	 0.139426 	 10.541795 
1430.000000 	 0.136689 	 10.613137 
1440.000000 	 0.133768 	 10.696163 
1450.000000 	 0.137534 	 10.767493 
1460.000000 	 0.136002 	 10.846128 
1470.000000 	 0.140019 	 10.945301 
1480.000000 	 0.145684 	 10.996419 
1490.000000 	 0.143030 	 11.086499 
1500.000000 	 0.140672 	 11.161084 
1510.000000 	 0.146851 	 11.217467 
1520.000000 	 0.145574 	 11.303150 
1530.000000 	 0.151118 	 11.410646 
1540.000000 	 0.159990 	 11.454501 
1550.000000 	 0.156489 	 11.566957 
1560.000000 	 0.163062 	 11.596835 
1570.000000 	 0.146280 	 11.703905 
1580.000000 	 0.160847 	 11.761202 
1590.000000 	 0.160289 	 11.858570 
1600.000000 	 0.179697 	 11.893372 
1610.000000 	 0.177529 	 12.001730 
1620.000000 	 0.174449 	 12.107867 
1630.000000 	 0.180257 	 12.147942 
1640.000000 	 0.185834 	 12.235380 
1650.000000 	 0.184528 	 12.292439 
1660.000000 	 0.196883 	 12.385022 
1670.000000 	 0.175223 	 12.457556 
1680.000000 	 0.194315 	 12.567727 
1690.000000 	 0.205537 	 12.634961 
