150.000000 	 0.095391 	 1.283666 
155.000000 	 0.095510 	 1.337394 
160.000000 	 0.099039 	 1.402929 
165.000000 	 0.098693 	 1.466165 
170.000000 	 0.100850 	 1.532570 
175.000000 	 0.106956 	 1.596540 
180.000000 	 0.099716 	 1.657662 
185.000000 	 0.108316 	 1.734368 
190.000000 	 0.106568 	 1.791161 
195.000000 	 0.111513 	 1.853412 
200.000000 	 0.110803 	 1.908606 
205.000000 	 0.111587 	 1.969937 
210.000000 	 0.113656 	 2.028058 
215.000000 	 0.115928 	 2.091851 
220.000000 	 0.116173 	 2.151998 
225.000000 	 0.119772 	 2.213040 
230.000000 	 0.124316 	 2.274897 
235.000000 	 0.129277 	 2.336774 
240.000000 	 0.133003 	 2.395515 
245.000000 	 0.139689 	 2.457359 
250.000000 	 0.141163 	 2.515219 
255.000000 	 0.148766 	 2.573778 
260.000000 	 0.150723 	 2.633214 
265.000000 	 0.161465 	 2.693431 
270.000000 	 0.164611 	 2.750036 
275.000000 	 0.172366 	 2.810998 
280.000000 	 0.178635 	 2.868974 
285.000000 	 0.185870 	 2.923277 
290.000000 	 0.188953 	 2.982483 
295.000000 	 0.197315 	 3.042340 
300.000000 	 0.204992 	 3.100858 
305.000000 	 0.210097 	 3.157347 
310.000000 	 0.218817 	 3.214791 
315.000000 	 0.224455 	 3.267473 
320.000000 	 0.237666 	 3.323776 
325.000000 	 0.244649 	 3.379327 
330.000000 	 0.251893 	 3.436779 
335.000000 	 0.259392 	 3.493749 
340.000000 	 0.267482 	 3.550147 
345.000000 	 0.275201 	 3.607178 
350.000000 	 0.283498 	 3.663519 
355.000000 	 0.291774 	 3.719830 
360.000000 	 0.300126 	 3.776252 
365.000000 	 0.308578 	 3.831608 
370.000000 	 0.317598 	 3.889199 
375.000000 	 0.326926 	 3.945996 
380.000000 	 0.335956 	 4.002607 
385.000000 	 0.345714 	 4.058265 
390.000000 	 0.354902 	 4.114238 
395.000000 	 0.364968 	 4.169676 
400.000000 	 0.375151 	 4.226433 
405.000000 	 0.385212 	 4.281283 
410.000000 	 0.396086 	 4.336806 
415.000000 	 0.407065 	 4.391435 
420.000000 	 0.417648 	 4.447407 
425.000000 	 0.429544 	 4.503500 
430.000000 	 0.440996 	 4.559109 
435.000000 	 0.452838 	 4.613682 
440.000000 	 0.464233 	 4.669102 
445.000000 	 0.477070 	 4.724044 
450.000000 	 0.489220 	 4.778319 
455.000000 	 0.501228 	 4.832828 
460.000000 	 0.514817 	 4.887948 
465.000000 	 0.528042 	 4.943261 
470.000000 	 0.539877 	 4.997346 
475.000000 	 0.554933 	 5.051332 
480.000000 	 0.568005 	 5.105941 
485.000000 	 0.582771 	 5.159227 
490.000000 	 0.596705 	 5.212874 
495.000000 	 0.610784 	 5.265934 
500.000000 	 0.625686 	 5.320478 
505.000000 	 0.640306 	 5.374848 
510.000000 	 0.655710 	 5.428163 
515.000000 	 0.672566 	 5.481546 
520.000000 	 0.688336 	 5.535956 
525.000000 	 0.704045 	 5.587994 
530.000000 	 0.720794 	 5.641768 
535.000000 	 0.737604 	 5.693774 
540.000000 	 0.754468 	 5.746497 
545.000000 	 0.772330 	 5.799008 
550.000000 	 0.789405 	 5.851937 
555.000000 	 0.808352 	 5.905289 
560.000000 	 0.829205 	 5.958236 
565.000000 	 0.848631 	 6.009091 
570.000000 	 0.867377 	 6.060226 
575.000000 	 0.887662 	 6.112687 
580.000000 	 0.908570 	 6.165184 
585.000000 	 0.928309 	 6.215606 
590.000000 	 0.948956 	 6.267417 
595.000000 	 0.971490 	 6.317103 
600.000000 	 0.992466 	 6.368986 
605.000000 	 1.016073 	 6.417352 
610.000000 	 1.038146 	 6.466819 
615.000000 	 1.062060 	 6.517052 
620.000000 	 1.088160 	 6.566589 
625.000000 	 1.112664 	 6.614758 
630.000000 	 1.136329 	 6.663126 
635.000000 	 1.165732 	 6.710807 
640.000000 	 1.190265 	 6.759418 
645.000000 	 1.218505 	 6.807111 
650.000000 	 1.246364 	 6.852330 
655.000000 	 1.275303 	 6.898362 
660.000000 	 1.304383 	 6.942364 
665.000000 	 1.333854 	 6.987644 
670.000000 	 1.365410 	 7.031952 
675.000000 	 1.395892 	 7.071104 
680.000000 	 1.426024 	 7.116287 
685.000000 	 1.457391 	 7.157652 
690.000000 	 1.493231 	 7.197481 
695.000000 	 1.527494 	 7.236037 
700.000000 	 1.559752 	 7.273914 
705.000000 	 1.596346 	 7.311383 
710.000000 	 1.631622 	 7.345760 
715.000000 	 1.669699 	 7.380372 
720.000000 	 1.706781 	 7.414250 
725.000000 	 1.745260 	 7.446740 
730.000000 	 1.786399 	 7.475374 
735.000000 	 1.827772 	 7.502850 
740.000000 	 1.872189 	 7.528353 
745.000000 	 1.916802 	 7.552161 
750.000000 	 1.958355 	 7.571404 
755.000000 	 2.005350 	 7.585211 
760.000000 	 2.054224 	 7.599463 
765.000000 	 2.099845 	 7.605087 
770.000000 	 2.144529 	 7.612162 
775.000000 	 2.189916 	 7.610567 
780.000000 	 2.231500 	 7.603854 
785.000000 	 2.275480 	 7.589388 
790.000000 	 2.314644 	 7.572224 
795.000000 	 2.350258 	 7.547895 
800.000000 	 2.373653 	 7.522581 
805.000000 	 2.399439 	 7.486542 
810.000000 	 2.409297 	 7.449477 
815.000000 	 2.414396 	 7.410756 
820.000000 	 2.410049 	 7.369351 
825.000000 	 2.399462 	 7.325600 
830.000000 	 2.375277 	 7.288412 
835.000000 	 2.342102 	 7.253099 
840.000000 	 2.301775 	 7.225729 
845.000000 	 2.257656 	 7.204374 
850.000000 	 2.204899 	 7.188086 
855.000000 	 2.148111 	 7.177700 
860.000000 	 2.092719 	 7.181328 
865.000000 	 2.031277 	 7.184642 
870.000000 	 1.973569 	 7.198887 
875.000000 	 1.915492 	 7.218248 
880.000000 	 1.854996 	 7.243412 
885.000000 	 1.802565 	 7.274080 
890.000000 	 1.750120 	 7.309783 
895.000000 	 1.694672 	 7.350096 
900.000000 	 1.647156 	 7.393046 
905.000000 	 1.602400 	 7.439468 
910.000000 	 1.557188 	 7.489782 
915.000000 	 1.516838 	 7.542665 
920.000000 	 1.483545 	 7.592622 
925.000000 	 1.447231 	 7.647711 
930.000000 	 1.415214 	 7.703430 
935.000000 	 1.385433 	 7.756057 
940.000000 	 1.355590 	 7.812466 
945.000000 	 1.325885 	 7.872101 
950.000000 	 1.302164 	 7.928722 
955.000000 	 1.280289 	 7.985308 
960.000000 	 1.259767 	 8.045931 
965.000000 	 1.238218 	 8.105195 
970.000000 	 1.218189 	 8.163760 
975.000000 	 1.201067 	 8.222686 
980.000000 	 1.182294 	 8.279240 
985.000000 	 1.167632 	 8.338247 
990.000000 	 1.153696 	 8.399525 
995.000000 	 1.140905 	 8.457758 
1000.000000 	 1.126639 	 8.511599 
1005.000000 	 1.114681 	 8.571961 
1010.000000 	 1.102965 	 8.629921 
1015.000000 	 1.093581 	 8.687515 
1020.000000 	 1.087280 	 8.748439 
1025.000000 	 1.081446 	 8.809967 
1030.000000 	 1.071397 	 8.867857 
1035.000000 	 1.061537 	 8.920082 
1040.000000 	 1.055495 	 8.978255 
1045.000000 	 1.051807 	 9.036830 
1050.000000 	 1.043455 	 9.083766 
1055.000000 	 1.036482 	 9.148732 
1060.000000 	 1.033133 	 9.204041 
1065.000000 	 1.027478 	 9.264433 
1070.000000 	 1.025592 	 9.318521 
1075.000000 	 1.024418 	 9.373123 
1080.000000 	 1.020245 	 9.428621 
1085.000000 	 1.015304 	 9.479918 
1090.000000 	 1.014379 	 9.536874 
1095.000000 	 1.011890 	 9.593431 
1100.000000 	 1.009905 	 9.649918 
1105.000000 	 1.008452 	 9.704482 
1110.000000 	 1.005345 	 9.750883 
1115.000000 	 1.003824 	 9.806001 
1120.000000 	 1.004295 	 9.860153 
1125.000000 	 1.003882 	 9.917499 
1130.000000 	 1.003973 	 9.968398 
1135.000000 	 1.005006 	 10.023823 
1140.000000 	 1.002829 	 10.075002 
1145.000000 	 1.003941 	 10.127087 
1150.000000 	 1.005317 	 10.183352 
1155.000000 	 1.003754 	 10.237066 
1160.000000 	 1.008819 	 10.286288 
1165.000000 	 1.007932 	 10.341466 
1170.000000 	 1.008357 	 10.392150 
1175.000000 	 1.012688 	 10.442008 
1180.000000 	 1.015213 	 10.493363 
1185.000000 	 1.014759 	 10.551765 
1190.000000 	 1.017684 	 10.605455 
1195.000000 	 1.018139 	 10.658171 
1200.000000 	 1.021737 	 10.705790 
1205.000000 	 1.022859 	 10.758078 
1210.000000 	 1.024258 	 10.807826 
1215.000000 	 1.026451 	 10.859263 
1220.000000 	 1.029739 	 10.911020 
1225.000000 	 1.035048 	 10.961812 
1230.000000 	 1.038668 	 11.012667 
1235.000000 	 1.039979 	 11.068494 
1240.000000 	 1.043390 	 11.115694 
1245.000000 	 1.046657 	 11.169847 
1250.000000 	 1.049913 	 11.216163 
1255.000000 	 1.051298 	 11.266553 
1260.000000 	 1.056495 	 11.316191 
1265.000000 	 1.057188 	 11.360794 
1270.000000 	 1.061493 	 11.410818 
1275.000000 	 1.066384 	 11.472889 
1280.000000 	 1.070501 	 11.519374 
1285.000000 	 1.073081 	 11.562504 
1290.000000 	 1.078091 	 11.617757 
1295.000000 	 1.081263 	 11.668296 
1300.000000 	 1.086677 	 11.719679 
1305.000000 	 1.090906 	 11.773703 
1310.000000 	 1.094228 	 11.820209 
1315.000000 	 1.097107 	 11.864386 
1320.000000 	 1.104427 	 11.919302 
1325.000000 	 1.108138 	 11.967371 
1330.000000 	 1.109282 	 12.015428 
1335.000000 	 1.112493 	 12.063898 
1340.000000 	 1.123987 	 12.116243 
1345.000000 	 1.129234 	 12.165327 
1350.000000 	 1.132982 	 12.217760 
1355.000000 	 1.135566 	 12.267009 
1430.000000 	 1.208976 	 12.991983 
1435.000000 	 1.215774 	 13.040250 
1440.000000 	 1.222359 	 13.089850 
1445.000000 	 1.225637 	 13.134389 
1450.000000 	 1.232348 	 13.193509 
1455.000000 	 1.235053 	 13.234249 
1460.000000 	 1.239893 	 13.282595 
1465.000000 	 1.245674 	 13.329730 
1470.000000 	 1.255902 	 13.375249 
1475.000000 	 1.252422 	 13.421198 
1480.000000 	 1.265154 	 13.465163 
1485.000000 	 1.264793 	 13.519604 
1490.000000 	 1.275024 	 13.565238 
1495.000000 	 1.277694 	 13.615157 
1500.000000 	 1.285699 	 13.660272 
1505.000000 	 1.290150 	 13.709649 
1510.000000 	 1.296810 	 13.757606 
1515.000000 	 1.304060 	 13.813782 
1520.000000 	 1.313925 	 13.857720 
1525.000000 	 1.316279 	 13.905488 
1530.000000 	 1.325290 	 13.949781 
1535.000000 	 1.332565 	 13.995561 
1540.000000 	 1.338104 	 14.046370 
1545.000000 	 1.342317 	 14.089067 
1550.000000 	 1.347399 	 14.132781 
1555.000000 	 1.354288 	 14.186053 
1560.000000 	 1.361627 	 14.230040 
1565.000000 	 1.367954 	 14.272046 
1570.000000 	 1.374882 	 14.332142 
1575.000000 	 1.374949 	 14.373256 
1580.000000 	 1.385662 	 14.418740 
1585.000000 	 1.390426 	 14.471464 
1590.000000 	 1.400171 	 14.519658 
1595.000000 	 1.397861 	 14.566538 
1600.000000 	 1.400985 	 14.608654 
1605.000000 	 1.402928 	 14.652925 
1610.000000 	 1.421415 	 14.706475 
1615.000000 	 1.424742 	 14.756351 
1620.000000 	 1.436003 	 14.821002 
1625.000000 	 1.439359 	 14.848628 
1630.000000 	 1.446091 	 14.895677 
1635.000000 	 1.447904 	 14.947121 
1640.000000 	 1.456439 	 14.991705 
1645.000000 	 1.458873 	 15.023925 
1650.000000 	 1.469917 	 15.081799 
1655.000000 	 1.478178 	 15.122335 
1660.000000 	 1.474978 	 15.175822 
1665.000000 	 1.477843 	 15.232335 
1670.000000 	 1.462293 	 15.277379 
1675.000000 	 1.425778 	 15.347405 
1680.000000 	 1.427335 	 15.389519 
1685.000000 	 1.454908 	 15.472452 
1690.000000 	 1.514176 	 15.496217 
1695.000000 	 1.555668 	 15.533516 
1700.000000 	 1.584019 	 15.556321 
